Linear_custom_ftS_sl60_pl15  
mse:351.482177734375, mae:4.843234062194824, rse:0.14884653687477112, corr:[0.53424734 0.5338643  0.5337388  0.5339307  0.53405297 0.53395253
 0.53447175 0.5352149  0.53565806 0.53642106 0.53708017 0.53827906
 0.5393107  0.5406988  0.54168123]

NLinear_custom_ftS_sl60_pl15  
mse:341.4756164550781, mae:4.671081066131592, rse:0.14671243727207184, corr:[0.5403559  0.53720874 0.53750855 0.5383021  0.53830963 0.53765374
 0.5381911  0.53850454 0.53949606 0.5399962  0.5390782  0.54068637
 0.5386573  0.5390825  0.54205865]

DLinear_custom_ftS_sl60_ll30_pl15_ks7  
mse:349.8149719238281, mae:4.701278209686279, rse:0.14849309623241425, corr:[0.53404367 0.5339914  0.534052   0.5340549  0.534161   0.5345773
 0.53493196 0.5354482  0.53613484 0.5369738  0.5377704  0.53873837
 0.5397613  0.5408617  0.5421847 ]

DLinear_custom_ftS_sl60_ll30_pl15_ks13  
mse:347.8429260253906, mae:4.752908229827881, rse:0.1480739563703537, corr:[0.53442353 0.5341495  0.53390175 0.53411317 0.5342682  0.53445715
 0.5348475  0.53532755 0.53581554 0.53670937 0.5374219  0.5383511
 0.5393768  0.5403764  0.5415483 ]

DLinear_custom_ftS_sl60_ll30_pl15_ks25  
mse:348.95135498046875, mae:4.779785633087158, rse:0.14830967783927917, corr:[0.53471124 0.53457886 0.53438336 0.53460324 0.5347207  0.5345164
 0.53525895 0.5359487  0.5362764  0.5369651  0.5375148  0.53858143
 0.5394135  0.5406599  0.54206175]

DLinear_custom_ftS_sl60_ll30_pl15_ks49  
mse:331.5830078125, mae:5.006863594055176, rse:0.1445716768503189, corr:[0.5350411  0.5365786  0.5362683  0.53549397 0.5350128  0.535717
 0.5349546  0.53708005 0.53736657 0.53564394 0.53503436 0.53543824
 0.53709126 0.53928274 0.5410406 ]

Linear_custom_ftS_sl60_pl15  
mse:12341.1904296875, mae:68.14139556884766, rse:0.8819939494132996, corr:[0.18607086 0.18598618 0.18533392 0.18203431 0.18547143 0.18636015
 0.18321915 0.18113    0.18079822 0.18230875 0.18324065 0.18042941
 0.18030879 0.18012132 0.17906022]

Linear_20260309-1454  
mse:12196.0966796875, mae:65.75144958496094, rse:0.8767939209938049, corr:[0.19498071 0.19510743 0.19322452 0.19433028 0.1930662  0.19344981
 0.1957732  0.1945192  0.19512272 0.19473894 0.19583    0.19467409
 0.19384931 0.1950523  0.19372834]

DLinear_20260309-1511  
mse:12288.16015625, mae:69.48651123046875, rse:0.8800969123840332, corr:[0.18100545 0.1798309  0.18023317 0.18060543 0.18094307 0.18040006
 0.17955191 0.17978923 0.18012674 0.18049622 0.18127298 0.18107517
 0.18159267 0.18168385 0.18244518]

DLinear_20260309-1517  
mse:11816.16796875, mae:61.632484436035156, rse:0.8630290031433105, corr:[0.19090801 0.19139834 0.19180281 0.19301485 0.19229153 0.19322315
 0.1931996  0.19412263 0.19396217 0.19385919 0.19553378 0.19473799
 0.19492054 0.1945115  0.19400299]

Linear_20260310-1230  
mse:52908.81640625, mae:173.4271240234375, rse:0.8530884385108948, corr:[0.15258236 0.15165125 0.15160866 0.14904982 0.15107968 0.15114821
 0.14540915 0.15043086 0.15655692 0.15214497 0.14708374 0.15486856
 0.14991632 0.15059529 0.15068471]

Linear_20260310-1318  
mse:52253.5546875, mae:174.75582885742188, rse:0.8477894067764282, corr:[0.14407773 0.15234306 0.1532103  0.15127918 0.15082924 0.15222499
 0.1448687  0.15336798 0.15439728 0.1529823  0.15264373 0.15111561
 0.15170307 0.1499175  0.14941046]

Linear_20260310-1330  
mse:52421.26171875, mae:173.8072052001953, rse:0.8491487503051758, corr:[0.14620036 0.14710627 0.15335876 0.15339546 0.15310699 0.15341553
 0.14609127 0.15611532 0.15270264 0.15134403 0.15161012 0.15200938
 0.1521859  0.15080538 0.14732695]

Linear_20260310-1356  
mse:53259.83203125, mae:173.8088836669922, rse:0.8559136390686035, corr:[0.15355235 0.15166532 0.1549583  0.15248056 0.14710636 0.15381882
 0.15324028 0.15140189 0.15391912 0.14785667 0.14574555 0.15319102
 0.14325927 0.15007825 0.15219864]

Linear_20260310-1414  
mse:51771.453125, mae:175.01185607910156, rse:0.8438693881034851, corr:[0.15116268 0.15247065 0.15531383 0.15249397 0.15348099 0.15244721
 0.15440401 0.15542108 0.15349132 0.15227017 0.15273423 0.15285976
 0.15203843 0.15269737 0.1503425 ]

DLinear_20260310-1427  
mse:51535.6328125, mae:173.5894012451172, rse:0.8419452905654907, corr:[0.15553363 0.15347154 0.15305412 0.15497656 0.15521644 0.15355606
 0.155002   0.15449214 0.1550908  0.15494937 0.15545051 0.15272439
 0.147978   0.14994556 0.15172309]

DLinear_20260310-2044  
mse:51246.54296875, mae:173.27085876464844, rse:0.8395805358886719, corr:[0.1536213  0.1526949  0.15511744 0.15360253 0.15325338 0.15559576
 0.15583393 0.15562448 0.15548334 0.15587777 0.15228799 0.15488718
 0.1527532  0.1537945  0.15337531]

DLinear_20260310-2044  
mse:51024.640625, mae:172.56246948242188, rse:0.8377608060836792, corr:[0.15566982 0.15569025 0.15566425 0.1557807  0.15592283 0.15586925
 0.1568344  0.15603675 0.15624696 0.15576519 0.15559107 0.1554851
 0.1552963  0.15551642 0.15475154]

DLinear_20260310-2056  
mse:51246.75390625, mae:172.8976593017578, rse:0.8340510129928589, corr:[0.1584494  0.15649818 0.15909395 0.15827605 0.15892304 0.1593821
 0.15806851 0.15816726 0.15908346 0.15915504 0.15806381 0.15765116
 0.15802228 0.15787305 0.1565594 ]

DLinear_20260310-2058  
mse:26381.11328125, mae:120.49684143066406, rse:0.6023884415626526, corr:[0.2901718  0.29463974 0.29494563 0.2941628  0.29494673 0.2913001
 0.29320568 0.28614396 0.29249427 0.2913346  0.29188067 0.28865066
 0.2888113  0.28844646 0.28744295]

DLinear_20260310-2059  
mse:27366.8671875, mae:123.88712310791016, rse:0.6094975471496582, corr:[0.29585734 0.29240626 0.29198012 0.29398787 0.29373983 0.29352757
 0.2917761  0.29248825 0.29145497 0.29066804 0.29033986 0.28952193
 0.28835115 0.28794816 0.28702232]

DLinear_20260310-2102  
mse:25640.099609375, mae:117.96375274658203, rse:0.5899555683135986, corr:[0.295834   0.2958183  0.29518807 0.29407644 0.29361024 0.29227662
 0.29279348 0.2907507  0.29061696 0.2906685  0.29056448 0.28852755
 0.28802457 0.28709146 0.2858505 ]

DLinear_20260310-2103  
mse:25919.390625, mae:118.50054931640625, rse:0.5931599736213684, corr:[0.29688767 0.2968429  0.29665634 0.29644156 0.29593942 0.29546183
 0.29487848 0.29429257 0.2936146  0.29288065 0.29223272 0.29139942
 0.29041675 0.2895872  0.28860682]

DLinear_20260310-2121  
mse:25457.828125, mae:119.97710418701172, rse:0.5878548622131348, corr:[0.29521212 0.2940534  0.2949466  0.2937639  0.29323435 0.29211634
 0.29168352 0.29051444 0.2902398  0.2887262  0.28939673 0.28901395
 0.28814214 0.28716087 0.2849271 ]

DLinear_20260310-2121  
mse:24815.20703125, mae:117.41658782958984, rse:0.5803879499435425, corr:[0.2958942  0.29587758 0.2960347  0.29535493 0.2954258  0.2946846
 0.2943741  0.2925769  0.29224214 0.29157922 0.29070848 0.2903112
 0.28844115 0.2888866  0.28795743]

